- best: 234
  best_value: 0.7712286171739726
  best_params:
    quantile_range_window_lower-attack: 50
    quantile_range_lower-attack: 0.4181412711458169
    quantile_range_window_upper-attack: 82
    quantile_range_upper-attack: 0.5220918932658118
    mean_window-attack: 38
    quantile_range_window_lower-investigation: 88
    quantile_range_lower-investigation: 0.0641617900967663
    quantile_range_window_upper-investigation: 20
    quantile_range_upper-investigation: 0.9584048763770049
    mean_window-investigation: 74
    quantile_range_window_lower-mount: 14
    quantile_range_lower-mount: 0.23198418624298817
    quantile_range_window_upper-mount: 48
    quantile_range_upper-mount: 0.8182858493513601
    mean_window-mount: 66
    quantile_range_window_lower-none: 2
    quantile_range_lower-none: 0.1029968638805165
    quantile_range_window_upper-none: 78
    quantile_range_upper-none: 0.8397381774135235
    mean_window-none: 18
    threshold-attack: 0.18745181061179156
    threshold-investigation: 0.138018334997381
    threshold-mount: 0.4957598733302407
    threshold-none: 0.44893947385046834
