quantile_range_window_lower-attack: 90
quantile_range_lower-attack: 0.42587445412469765
quantile_range_window_upper-attack: 54
quantile_range_upper-attack: 0.8073024592874174
mean_window-attack: 72
quantile_range_window_lower-investigation: 58
quantile_range_lower-investigation: 0.3887283931011656
quantile_range_window_upper-investigation: 70
quantile_range_upper-investigation: 0.9972634122294731
mean_window-investigation: 58
quantile_range_window_lower-mount: 34
quantile_range_lower-mount: 0.3776859853204692
quantile_range_window_upper-mount: 76
quantile_range_upper-mount: 0.8023601618313441
mean_window-mount: 62
quantile_range_window_lower-none: 70
quantile_range_lower-none: 0.057028352260002836
quantile_range_window_upper-none: 76
quantile_range_upper-none: 0.7522855022242552
mean_window-none: 28
threshold-attack: 0.4588788851100416
threshold-investigation: 0.13641544193069927
threshold-mount: 0.16790824313350594
threshold-none: 0.01275644731385528
