quantile_range_window_lower-attack: 38
quantile_range_lower-attack: 0.16642062810815872
quantile_range_window_upper-attack: 52
quantile_range_upper-attack: 0.6273569681598201
mean_window-attack: 44
quantile_range_window_lower-investigation: 72
quantile_range_lower-investigation: 0.3997195453635197
quantile_range_window_upper-investigation: 88
quantile_range_upper-investigation: 0.8459722559279832
mean_window-investigation: 72
quantile_range_window_lower-mount: 14
quantile_range_lower-mount: 0.23454566899167978
quantile_range_window_upper-mount: 86
quantile_range_upper-mount: 0.8814708932140993
mean_window-mount: 52
quantile_range_window_lower-none: 20
quantile_range_lower-none: 0.29850607808286994
quantile_range_window_upper-none: 12
quantile_range_upper-none: 0.5082025350234548
mean_window-none: 20
threshold-attack: 0.5904454690003387
threshold-investigation: 0.15320399587164168
threshold-mount: 0.5300025027239897
threshold-none: 0.06030360409809378
