quantile_range_window_lower-attack: 77
quantile_range_lower-attack: 0.45814419266927525
quantile_range_window_upper-attack: 79
quantile_range_upper-attack: 0.5692231239562542
mean_window-attack: 87
quantile_range_window_lower-investigation: 55
quantile_range_lower-investigation: 0.32242379057311116
quantile_range_window_upper-investigation: 21
quantile_range_upper-investigation: 0.8401693249635783
mean_window-investigation: 87
quantile_range_window_lower-mount: 65
quantile_range_lower-mount: 0.45075385117024525
quantile_range_window_upper-mount: 77
quantile_range_upper-mount: 0.6693954951858205
mean_window-mount: 79
quantile_range_window_lower-none: 21
quantile_range_lower-none: 0.3016554338027648
quantile_range_window_upper-none: 65
quantile_range_upper-none: 0.5838039005857547
mean_window-none: 21
threshold-attack: 0.46848809666778524
threshold-investigation: 0.05654244688367467
threshold-mount: 0.527543455158783
threshold-none: 0.5697709565056677
